3 0.2890625 0.43984375 0.16875 0.134375
3 0.1328125 0.0828125 0.159375 0.14375
3 0.15390625 0.8265625 0.171875 0.171875
4 0.7296875 0.453125 0.5375 0.2234375
4 0.58828125 0.0984375 0.5875 0.196875
3 0.32890625 0.54375 0.1765625 0.121875
5 0.36640625 0.4453125 0.046875 0.0875
5 0.2171875 0.0796875 0.034375 0.10625
4 0.63984375 0.86015625 0.6625 0.2546875
5 0.42109375 0.55078125 0.0515625 0.090625
5 0.221875 0.80078125 0.053125 0.1
2 0.9125 0.38515625 0.121875 0.065625
2 0.91640625 0.61015625 0.1671875 0.059375