3 0.43984375 0.2890625 0.13359375 0.16953125
3 0.0828125 0.1328125 0.14375 0.16015625
3 0.8265625 0.15390625 0.171875 0.17265625
4 0.453125 0.7296875 0.2234375 0.53671875
4 0.0984375 0.58828125 0.19609375 0.5875
3 0.54375 0.32890625 0.121875 0.1765625
5 0.4453125 0.36640625 0.0875 0.04609375
5 0.0796875 0.2171875 0.10703125 0.03515625
4 0.86015625 0.63984375 0.25390625 0.6625
5 0.55078125 0.42109375 0.090625 0.0515625
5 0.80078125 0.221875 0.1 0.053125
2 0.38515625 0.9125 0.06640625 0.12265625
2 0.61015625 0.91640625 0.06015625 0.1671875