3 0.56015625 0.7109375 0.134375 0.16875
3 0.9171875 0.8671875 0.14375 0.159375
3 0.1734375 0.84609375 0.171875 0.171875
4 0.546875 0.2703125 0.2234375 0.5375
4 0.9015625 0.41171875 0.196875 0.5875
3 0.45625 0.67109375 0.121875 0.1765625
5 0.5546875 0.63359375 0.0875 0.046875
5 0.9203125 0.7828125 0.10625 0.034375
4 0.13984375 0.36015625 0.253125 0.6625
5 0.44921875 0.57890625 0.090625 0.0515625
5 0.19921875 0.778125 0.1 0.053125
2 0.61484375 0.0875 0.065625 0.121875
2 0.38984375 0.08359375 0.059375 0.1671875