3 0.67734375 0.271875 0.171875 0.1625
3 0.32109375 0.16015625 0.10546875 0.0578125
3 0.5921875 0.18828125 0.128125 0.1484375
3 0.8578125 0.13203125 0.09453125 0.0953125
5 0.67109375 0.3734375 0.13046875 0.053125
5 0.603125 0.2625 0.06640625 0.04375
5 0.8546875 0.19453125 0.06953125 0.0359375
4 0.3140625 0.53046875 0.13046875 0.4171875
4 0.56484375 0.40546875 0.11953125 0.1734375
4 0.66328125 0.7265625 0.38046875 0.5296875
4 0.85234375 0.44375 0.19375 0.35625
2 0.8875 0.43203125 0.10625 0.1109375