3 0.6765625 0.171875 0.15546875 0.1484375
3 0.43984375 0.2234375 0.146875 0.16171875
4 0.41875 0.6703125 0.24453125 0.5171875
4 0.72734375 0.74453125 0.1546875 0.47890625
2 0.51796875 0.375 0.07734375 0.1171875
3 0.73203125 0.37578125 0.1453125 0.17265625
5 0.70546875 0.42265625 0.0765625 0.046875
5 0.6515625 0.21640625 0.0765625 0.05390625
5 0.4703125 0.30703125 0.03125 0.040625
4 0.6359375 0.59765625 0.13359375 0.48984375
2 0.62265625 0.74375 0.07578125 0.125
2 0.5625 0.74375 0.059375 0.10078125