3 0.98671875 0.23359375 0.0265625 0.0921875
3 0.88828125 0.3375 0.078125 0.0953125
3 0.78046875 0.31484375 0.071875 0.0796875
4 0.78203125 0.52578125 0.10625 0.253125
3 0.73671875 0.37421875 0.04375 0.046875
3 0.68046875 0.39453125 0.096875 0.128125
4 0.51328125 0.59140625 0.146875 0.253125
5 0.51640625 0.43359375 0.065625 0.025
3 0.51640625 0.38828125 0.071875 0.065625
3 0.5109375 0.34375 0.071875 0.0421875
4 0.41328125 0.60078125 0.10625 0.246875
5 0.4171875 0.43046875 0.04375 0.03125
3 0.4125 0.38984375 0.078125 0.0625
3 0.28046875 0.3671875 0.078125 0.0921875
3 0.2328125 0.36171875 0.05625 0.1
3 0.08984375 0.24140625 0.14375 0.1140625
4 0.6671875 0.61484375 0.175 0.321875
5 0.67578125 0.4171875 0.065625 0.0328125
5 0.0890625 0.2875 0.084375 0.059375
4 0.8140625 0.8578125 0.16875 0.1671875
5 0.79453125 0.72578125 0.0625 0.0375
4 0.9671875 0.5625 0.065625 0.33125
4 0.87734375 0.5765625 0.1125 0.2734375
4 0.2765625 0.6125 0.15 0.2703125
4 0.19453125 0.55078125 0.121875 0.28125
4 0.0765625 0.5609375 0.153125 0.421875