3 0.76640625 0.01328125 0.0921875 0.0265625
3 0.6625 0.11171875 0.0953125 0.078125
3 0.68515625 0.21953125 0.0796875 0.071875
4 0.47421875 0.21796875 0.253125 0.10625
3 0.62578125 0.26328125 0.046875 0.04375
3 0.60546875 0.31953125 0.128125 0.096875
4 0.40859375 0.48671875 0.253125 0.146875
5 0.56640625 0.48359375 0.025 0.065625
3 0.61171875 0.48359375 0.065625 0.071875
3 0.65625 0.4890625 0.0421875 0.071875
4 0.39921875 0.58671875 0.246875 0.10625
5 0.56953125 0.5828125 0.03125 0.04375
3 0.61015625 0.5875 0.0625 0.078125
3 0.6328125 0.71953125 0.0921875 0.078125
3 0.63828125 0.7671875 0.1 0.05625
3 0.75859375 0.91015625 0.1140625 0.14375
4 0.38515625 0.3328125 0.321875 0.175
5 0.5828125 0.32421875 0.0328125 0.065625
5 0.7125 0.9109375 0.059375 0.084375
4 0.1421875 0.1859375 0.1671875 0.16875
5 0.27421875 0.20546875 0.0375 0.0625
4 0.4375 0.0328125 0.33125 0.065625
4 0.4234375 0.12265625 0.2734375 0.1125
4 0.3875 0.7234375 0.2703125 0.15
4 0.44921875 0.80546875 0.28125 0.121875
4 0.4390625 0.9234375 0.421875 0.153125