3 0.01328125 0.23359375 0.0265625 0.0921875
3 0.11171875 0.3375 0.07890625 0.0953125
3 0.21953125 0.31484375 0.071875 0.0796875
4 0.21796875 0.52578125 0.10703125 0.253125
3 0.26328125 0.37421875 0.04296875 0.046875
3 0.31953125 0.39453125 0.096875 0.128125
4 0.48671875 0.59140625 0.146875 0.253125
5 0.48359375 0.43359375 0.06640625 0.025
3 0.48359375 0.38828125 0.07109375 0.065625
3 0.4890625 0.34375 0.071875 0.0421875
4 0.58671875 0.60078125 0.10703125 0.246875
5 0.5828125 0.43046875 0.04453125 0.03125
3 0.5875 0.38984375 0.07734375 0.0625
3 0.71953125 0.3671875 0.07734375 0.0921875
3 0.7671875 0.36171875 0.05703125 0.1
3 0.91015625 0.24140625 0.14296875 0.1140625
4 0.3328125 0.61484375 0.17578125 0.32109375
5 0.32421875 0.4171875 0.06640625 0.0328125
5 0.9109375 0.2875 0.084375 0.059375
4 0.1859375 0.8578125 0.16953125 0.1671875
5 0.20546875 0.72578125 0.06328125 0.0375
4 0.0328125 0.5625 0.065625 0.33203125
4 0.12265625 0.5765625 0.11171875 0.2734375
4 0.7234375 0.6125 0.15078125 0.2703125
4 0.80546875 0.55078125 0.12265625 0.28125
4 0.9234375 0.5609375 0.153125 0.421875