3 0.36328125 0.21875 0.07109375 0.078125
3 0.61015625 0.11875 0.07109375 0.084375
3 0.2890625 0.45078125 0.08046875 0.0671875
3 0.47578125 0.4515625 0.09375 0.09375
3 0.68671875 0.42734375 0.08984375 0.0921875
4 0.60390625 0.3296875 0.1375 0.265625
4 0.37265625 0.421875 0.13828125 0.25
4 0.25078125 0.6796875 0.16796875 0.278125
4 0.4703125 0.68515625 0.15703125 0.3171875
4 0.71640625 0.65078125 0.17421875 0.2859375
0 0.27421875 0.9171875 0.13828125 0.134375
0 0.72734375 0.9234375 0.11875 0.153125
2 0.371875 0.6625 0.05390625 0.225
5 0.6625 0.75625 0.05390625 0.0875