3 0.78125 0.36328125 0.078125 0.071875
3 0.88125 0.61015625 0.084375 0.071875
3 0.54921875 0.2890625 0.0671875 0.08125
3 0.5484375 0.47578125 0.09375 0.09375
3 0.57265625 0.68671875 0.0921875 0.090625
4 0.6703125 0.60390625 0.265625 0.1375
4 0.578125 0.37265625 0.25 0.1375
4 0.3203125 0.25078125 0.278125 0.16875
4 0.31484375 0.4703125 0.3171875 0.15625
4 0.34921875 0.71640625 0.2859375 0.175
0 0.0828125 0.27421875 0.134375 0.1375
0 0.0765625 0.72734375 0.153125 0.11875
2 0.3375 0.371875 0.225 0.053125
5 0.24375 0.6625 0.0875 0.053125