3 0.23515625 0.34765625 0.10078125 0.14375
3 0.5046875 0.22890625 0.14765625 0.1484375
3 0.59375 0.34609375 0.08046875 0.0984375
3 0.7421875 0.428125 0.10078125 0.08671875
4 0.21484375 0.68671875 0.21796875 0.46953125
5 0.22890625 0.4109375 0.08984375 0.0421875
5 0.50546875 0.3203125 0.1140625 0.040625
4 0.48671875 0.696875 0.2765625 0.56953125
5 0.5890625 0.39296875 0.0734375 0.03515625
5 0.7390625 0.45390625 0.0796875 0.02578125
4 0.7625 0.6921875 0.18515625 0.32734375
2 0.84296875 0.865625 0.0515625 0.08359375