3 0.93125 0.66484375 0.090625 0.1234375
3 0.884375 0.14453125 0.1140625 0.1375
3 0.9390625 0.95390625 0.0984375 0.0875
3 0.93203125 0.39375 0.1 0.13125
4 0.65390625 0.890625 0.38125 0.2125
3 0.92734375 0.88125 0.10625 0.1390625
4 0.5625 0.14609375 0.428125 0.23125
3 0.86484375 0.5890625 0.1 0.0875
3 0.9078125 0.05 0.109375 0.1
4 0.6265625 0.3828125 0.38125 0.25625
4 0.65859375 0.67578125 0.328125 0.2390625
3 0.83125 0.48125 0.09375 0.109375
3 0.915625 0.31875 0.09375 0.0734375
4 0.703125 0.0640625 0.209375 0.128125
4 0.77421875 0.29453125 0.0953125 0.153125
4 0.5828125 0.52578125 0.334375 0.1234375
4 0.725 0.55703125 0.1234375 0.1
5 0.8921875 0.96640625 0.03125 0.0375
0 0.11171875 0.32109375 0.1453125 0.121875
0 0.03671875 0.43046875 0.0734375 0.1453125
0 0.05078125 0.50859375 0.1015625 0.0703125
0 0.12578125 0.6921875 0.109375 0.1765625
0 0.046875 0.8734375 0.09375 0.2
0 0.16328125 0.9328125 0.078125 0.134375