3 0.66484375 0.06875 0.1234375 0.09140625
3 0.14453125 0.115625 0.13828125 0.1140625
3 0.95390625 0.0609375 0.08671875 0.0984375
3 0.39375 0.06796875 0.13046875 0.09921875
4 0.890625 0.34609375 0.2125 0.38046875
3 0.88125 0.07265625 0.1390625 0.10546875
4 0.14609375 0.4375 0.23046875 0.428125
3 0.5890625 0.13515625 0.0875 0.09921875
3 0.05 0.0921875 0.1 0.109375
4 0.3828125 0.3734375 0.25703125 0.38125
4 0.67578125 0.34140625 0.2390625 0.32890625
3 0.48125 0.16875 0.10859375 0.09375
3 0.31875 0.084375 0.0734375 0.09375
4 0.0640625 0.296875 0.128125 0.20859375
4 0.29453125 0.22578125 0.15390625 0.0953125
4 0.52578125 0.4171875 0.1234375 0.33359375
4 0.55703125 0.275 0.09921875 0.1234375
5 0.96640625 0.1078125 0.0375 0.03203125
0 0.32109375 0.88828125 0.121875 0.1453125
0 0.43046875 0.96328125 0.1453125 0.0734375
0 0.50859375 0.94921875 0.0703125 0.1015625
0 0.6921875 0.87421875 0.17578125 0.109375
0 0.8734375 0.953125 0.19921875 0.09296875
0 0.9328125 0.83671875 0.134375 0.078125