4 0.77109375 0.4234375 0.0859375 0.2265625
3 0.75859375 0.5953125 0.08125 0.071875
3 0.5046875 0.59296875 0.0609375 0.0625
3 0.60625 0.60703125 0.034375 0.053125
3 0.465625 0.5109375 0.0375 0.0625
4 0.61171875 0.51171875 0.065625 0.1375
4 0.40703125 0.49609375 0.0421875 0.10625
3 0.40859375 0.56875 0.028125 0.028125
3 0.78671875 0.59453125 0.03125 0.053125
3 0.29765625 0.70859375 0.0625 0.071875
4 0.68125 0.43515625 0.10625 0.1625
4 0.55 0.43046875 0.1359375 0.2375
3 0.340625 0.63671875 0.06875 0.075
4 0.3359375 0.51171875 0.1203125 0.353125
0 0.76953125 0.1421875 0.115625 0.1453125
0 0.5125 0.1484375 0.071875 0.1625
0 0.35390625 0.1421875 0.128125 0.1453125
0 0.64140625 0.24453125 0.05625 0.0859375
0 0.57421875 0.23515625 0.034375 0.0890625
4 0.7109375 0.5140625 0.034375 0.05625
3 0.709375 0.55546875 0.0203125 0.025
4 0.575 0.5984375 0.0125 0.021875
3 0.575 0.61171875 0.00625 0.009375
4 0.28828125 0.559375 0.08125 0.2203125
0 0.178125 0.43046875 0.08125 0.121875