4 0.22890625 0.5765625 0.0859375 0.2265625
3 0.24140625 0.4046875 0.08125 0.07109375
3 0.4953125 0.40703125 0.0609375 0.06328125
3 0.39375 0.39296875 0.034375 0.053125
3 0.534375 0.4890625 0.03828125 0.0625
4 0.38828125 0.48828125 0.06484375 0.1375
4 0.59296875 0.50390625 0.0421875 0.10546875
3 0.59140625 0.43125 0.028125 0.028125
3 0.21328125 0.40546875 0.03125 0.05390625
3 0.70234375 0.29140625 0.06171875 0.07109375
4 0.31875 0.56484375 0.10625 0.1625
4 0.45 0.56953125 0.1359375 0.23828125
3 0.659375 0.36328125 0.06953125 0.075
4 0.6640625 0.48828125 0.1203125 0.353125
0 0.23046875 0.8578125 0.11484375 0.1453125
0 0.4875 0.8515625 0.07265625 0.16328125
0 0.64609375 0.8578125 0.12890625 0.1453125
0 0.35859375 0.75546875 0.05703125 0.0859375
0 0.42578125 0.76484375 0.034375 0.0890625
4 0.2890625 0.4859375 0.03515625 0.05703125
3 0.290625 0.44453125 0.0203125 0.02578125
4 0.425 0.4015625 0.01328125 0.02109375
3 0.425 0.38828125 0.00625 0.009375
4 0.71171875 0.440625 0.08046875 0.2203125
0 0.821875 0.56953125 0.08125 0.12109375