3 0.15859375 0.20859375 0.1234375 0.11484375
3 0.31875 0.15234375 0.1203125 0.1140625
5 0.15625 0.27109375 0.1015625 0.03515625
3 0.71796875 0.24375 0.1265625 0.12890625
3 0.50859375 0.2828125 0.11953125 0.121875
4 0.51796875 0.58515625 0.1671875 0.425
5 0.50625 0.359375 0.0890625 0.03671875
5 0.3171875 0.21328125 0.10078125 0.0453125
4 0.12734375 0.53359375 0.23046875 0.3796875
4 0.31484375 0.47265625 0.18046875 0.3859375
4 0.73671875 0.5203125 0.23828125 0.35546875
2 0.13515625 0.79765625 0.16328125 0.06484375
2 0.3921875 0.7875 0.1109375 0.1046875
2 0.61640625 0.78984375 0.1078125 0.0875
2 0.75 0.7015625 0.19140625 0.1953125