3 0.15859375 0.79140625 0.1234375 0.115625
3 0.31875 0.84765625 0.1203125 0.1140625
5 0.15625 0.72890625 0.1015625 0.034375
3 0.71796875 0.75625 0.1265625 0.128125
3 0.50859375 0.7171875 0.11875 0.121875
4 0.51796875 0.41484375 0.1671875 0.425
5 0.50625 0.640625 0.0890625 0.0375
5 0.3171875 0.78671875 0.1 0.0453125
4 0.12734375 0.46640625 0.23125 0.3796875
4 0.31484375 0.52734375 0.18125 0.3859375
4 0.73671875 0.4796875 0.2375 0.35625
2 0.13515625 0.20234375 0.1625 0.065625
2 0.3921875 0.2125 0.1109375 0.1046875
2 0.61640625 0.21015625 0.1078125 0.0875
2 0.75 0.2984375 0.190625 0.1953125