3 0.20859375 0.15859375 0.115625 0.1234375
3 0.15234375 0.31875 0.1140625 0.1203125
5 0.27109375 0.15625 0.034375 0.1015625
3 0.24375 0.71796875 0.128125 0.1265625
3 0.2828125 0.50859375 0.121875 0.11875
4 0.58515625 0.51796875 0.425 0.1671875
5 0.359375 0.50625 0.0375 0.0890625
5 0.21328125 0.3171875 0.0453125 0.1
4 0.53359375 0.12734375 0.3796875 0.23125
4 0.47265625 0.31484375 0.3859375 0.18125
4 0.5203125 0.73671875 0.35625 0.2375
2 0.79765625 0.13515625 0.065625 0.1625
2 0.7875 0.3921875 0.1046875 0.1109375
2 0.78984375 0.61640625 0.0875 0.1078125
2 0.7015625 0.75 0.1953125 0.190625