3 0.7921875 0.28125 0.07265625 0.14453125
5 0.70234375 0.37265625 0.0515625 0.0578125
3 0.703125 0.29609375 0.0578125 0.14921875
3 0.64296875 0.3203125 0.0578125 0.1328125
3 0.0859375 0.453125 0.10859375 0.259375
3 0.1296875 0.203125 0.0828125 0.228125
3 0.26875 0.25390625 0.0796875 0.16171875
4 0.28359375 0.703125 0.15 0.40078125
3 0.284375 0.46015625 0.09453125 0.18203125
3 0.39453125 0.38984375 0.08828125 0.2078125
5 0.47109375 0.34765625 0.0484375 0.071875
3 0.46953125 0.32734375 0.05234375 0.18203125
3 0.43203125 0.30703125 0.04765625 0.153125
3 0.49765625 0.2609375 0.03828125 0.10078125
3 0.565625 0.35390625 0.07890625 0.17578125
3 0.90546875 0.1453125 0.13359375 0.290625
4 0.0140625 0.8578125 0.028125 0.284375
4 0.1 0.840625 0.15859375 0.31875
4 0.16796875 0.7390625 0.0765625 0.521875
4 0.27578125 0.84765625 0.15546875 0.3046875
4 0.41328125 0.80078125 0.13515625 0.39765625
4 0.47890625 0.65390625 0.0875 0.4296875
4 0.51328125 0.56171875 0.0515625 0.2046875
4 0.56171875 0.78984375 0.109375 0.41953125
4 0.65546875 0.75390625 0.10703125 0.4921875
4 0.715625 0.625 0.096875 0.4359375
4 0.79375 0.71015625 0.11875 0.5796875
4 0.89609375 0.71328125 0.1421875 0.57265625
5 0.09921875 0.56015625 0.0796875 0.109375