3 0.2078125 0.71875 0.071875 0.14375
5 0.29765625 0.62734375 0.0515625 0.0578125
3 0.296875 0.70390625 0.0578125 0.15
3 0.35703125 0.6796875 0.0578125 0.1328125
3 0.9140625 0.546875 0.109375 0.259375
3 0.8703125 0.796875 0.0828125 0.228125
3 0.73125 0.74609375 0.0796875 0.1625
4 0.71640625 0.296875 0.15 0.4
3 0.715625 0.53984375 0.09375 0.18125
3 0.60546875 0.61015625 0.0875 0.2078125
5 0.52890625 0.65234375 0.0484375 0.071875
3 0.53046875 0.67265625 0.053125 0.18125
3 0.56796875 0.69296875 0.046875 0.153125
3 0.50234375 0.7390625 0.0375 0.1
3 0.434375 0.64609375 0.078125 0.175
3 0.09453125 0.8546875 0.134375 0.290625
4 0.9859375 0.1421875 0.028125 0.284375
4 0.9 0.159375 0.159375 0.31875
4 0.83203125 0.2609375 0.0765625 0.521875
4 0.72421875 0.15234375 0.15625 0.3046875
4 0.58671875 0.19921875 0.134375 0.396875
4 0.52109375 0.34609375 0.0875 0.4296875
4 0.48671875 0.43828125 0.0515625 0.2046875
4 0.43828125 0.21015625 0.109375 0.41875
4 0.34453125 0.24609375 0.10625 0.4921875
4 0.284375 0.375 0.096875 0.4359375
4 0.20625 0.28984375 0.11875 0.5796875
4 0.10390625 0.28671875 0.1421875 0.571875
5 0.90078125 0.43984375 0.0796875 0.109375