3 0.7921875 0.71875 0.071875 0.14375
5 0.70234375 0.62734375 0.0515625 0.0578125
3 0.703125 0.70390625 0.0578125 0.15
3 0.64296875 0.6796875 0.0578125 0.1328125
3 0.0859375 0.546875 0.109375 0.259375
3 0.1296875 0.796875 0.0828125 0.228125
3 0.26875 0.74609375 0.0796875 0.1625
4 0.28359375 0.296875 0.15 0.4
3 0.284375 0.53984375 0.09375 0.18125
3 0.39453125 0.61015625 0.0875 0.2078125
5 0.47109375 0.65234375 0.0484375 0.071875
3 0.46953125 0.67265625 0.053125 0.18125
3 0.43203125 0.69296875 0.046875 0.153125
3 0.49765625 0.7390625 0.0375 0.1
3 0.565625 0.64609375 0.078125 0.175
3 0.90546875 0.8546875 0.134375 0.290625
4 0.0140625 0.1421875 0.028125 0.284375
4 0.1 0.159375 0.159375 0.31875
4 0.16796875 0.2609375 0.0765625 0.521875
4 0.27578125 0.15234375 0.15625 0.3046875
4 0.41328125 0.19921875 0.134375 0.396875
4 0.47890625 0.34609375 0.0875 0.4296875
4 0.51328125 0.43828125 0.0515625 0.2046875
4 0.56171875 0.21015625 0.109375 0.41875
4 0.65546875 0.24609375 0.10625 0.4921875
4 0.715625 0.375 0.096875 0.4359375
4 0.79375 0.28984375 0.11875 0.5796875
4 0.89609375 0.28671875 0.1421875 0.571875
5 0.09921875 0.43984375 0.0796875 0.109375