3 0.4546875 0.334375 0.059375 0.0953125
3 0.6265625 0.31953125 0.07109375 0.103125
3 0.76875 0.3125 0.059375 0.1046875
3 0.22890625 0.50390625 0.05390625 0.1015625
3 0.2265625 0.44140625 0.059375 0.07109375
5 0.4546875 0.3828125 0.04296875 0.03203125
4 0.4609375 0.62734375 0.1296875 0.32109375
2 0.4625 0.58984375 0.08671875 0.0953125
4 0.22109375 0.7359375 0.109375 0.2921875
4 0.234375 0.5796875 0.0921875 0.07109375
4 0.6328125 0.628125 0.1359375 0.359375
4 0.76953125 0.57578125 0.12890625 0.32421875