4 0.965625 0.22578125 0.0390625 0.053125
3 0.965625 0.1875 0.028125 0.03125
3 0.7171875 0.0859375 0.08125 0.103125
3 0.85234375 0.26171875 0.0125 0.028125
3 0.7859375 0.34609375 0.0375 0.0546875
4 0.56484375 0.17890625 0.01875 0.028125
4 0.5859375 0.17265625 0.0125 0.0109375
3 0.56171875 0.15078125 0.0125 0.01875
4 0.50703125 0.19765625 0.05625 0.075
3 0.51796875 0.15234375 0.015625 0.021875
3 0.50234375 0.13828125 0.025 0.03125
4 0.47734375 0.1859375 0.0234375 0.05625
3 0.475 0.14453125 0.021875 0.01875
4 0.38984375 0.178125 0.034375 0.0359375
3 0.396875 0.1515625 0.01875 0.021875
3 0.3125 0.09453125 0.046875 0.065625
3 0.82578125 0.1765625 0.021875 0.015625
3 0.184375 0.0578125 0.1 0.1125
4 0.84296875 0.390625 0.08125 0.1375
4 0.81953125 0.275 0.053125 0.0421875
4 0.7078125 0.28046875 0.1375 0.23125
4 0.31796875 0.2421875 0.0890625 0.2125
4 0.140625 0.3 0.15625 0.3375
4 0.084375 0.1546875 0.028125 0.04375
4 0.00859375 0.1671875 0.0171875 0.021875
0 0.6875 0.6421875 0.09375 0.1359375
0 0.18203125 0.753125 0.153125 0.16875
0 0.3390625 0.48984375 0.0671875 0.0984375
0 0.50546875 0.33515625 0.0375 0.015625