4 0.77421875 0.965625 0.053125 0.0390625
3 0.8125 0.965625 0.03125 0.028125
3 0.9140625 0.7171875 0.103125 0.08125
3 0.73828125 0.85234375 0.028125 0.0125
3 0.65390625 0.7859375 0.0546875 0.0375
4 0.82109375 0.56484375 0.028125 0.01875
4 0.82734375 0.5859375 0.0109375 0.0125
3 0.84921875 0.56171875 0.01875 0.0125
4 0.80234375 0.50703125 0.075 0.05625
3 0.84765625 0.51796875 0.021875 0.015625
3 0.86171875 0.50234375 0.03125 0.025
4 0.8140625 0.47734375 0.05625 0.0234375
3 0.85546875 0.475 0.01875 0.021875
4 0.821875 0.38984375 0.0359375 0.034375
3 0.8484375 0.396875 0.021875 0.01875
3 0.90546875 0.3125 0.065625 0.046875
3 0.8234375 0.82578125 0.015625 0.021875
3 0.9421875 0.184375 0.1125 0.1
4 0.609375 0.84296875 0.1375 0.08125
4 0.725 0.81953125 0.0421875 0.0515625
4 0.71953125 0.7078125 0.23125 0.1375
4 0.7578125 0.31796875 0.2125 0.0890625
4 0.7 0.140625 0.3375 0.15625
4 0.8453125 0.084375 0.04375 0.028125
4 0.8328125 0.00859375 0.021875 0.0171875
0 0.3578125 0.6875 0.1359375 0.09375
0 0.246875 0.18203125 0.16875 0.153125
0 0.51015625 0.3390625 0.0984375 0.0671875
0 0.66484375 0.50546875 0.015625 0.0375