4 0.034375 0.22578125 0.0390625 0.053125
3 0.034375 0.1875 0.02734375 0.03046875
3 0.2828125 0.0859375 0.08125 0.10234375
3 0.14765625 0.26171875 0.01328125 0.02890625
3 0.2140625 0.34609375 0.0375 0.0546875
4 0.43515625 0.17890625 0.01953125 0.02890625
4 0.4140625 0.17265625 0.0125 0.0109375
3 0.43828125 0.15078125 0.01328125 0.01796875
4 0.49296875 0.19765625 0.05546875 0.07578125
3 0.48203125 0.15234375 0.015625 0.02109375
3 0.49765625 0.13828125 0.02578125 0.03203125
4 0.52265625 0.1859375 0.0234375 0.05703125
3 0.525 0.14453125 0.02109375 0.01953125
4 0.61015625 0.178125 0.034375 0.0359375
3 0.603125 0.1515625 0.01875 0.02265625
3 0.6875 0.09453125 0.04609375 0.06484375
3 0.17421875 0.1765625 0.02265625 0.01484375
3 0.815625 0.0578125 0.09921875 0.11328125
4 0.15703125 0.390625 0.08125 0.1375
4 0.18046875 0.275 0.05234375 0.0421875
4 0.2921875 0.28046875 0.13671875 0.23125
4 0.68203125 0.2421875 0.0890625 0.21328125
4 0.859375 0.3 0.15625 0.33671875
4 0.915625 0.1546875 0.02890625 0.04375
4 0.99140625 0.1671875 0.0171875 0.02109375
0 0.3125 0.6421875 0.09375 0.1359375
0 0.81796875 0.753125 0.15390625 0.16796875
0 0.6609375 0.48984375 0.0671875 0.0984375
0 0.49453125 0.33515625 0.0375 0.01484375