3 0.75859375 0.69140625 0.225 0.196875
3 0.5953125 0.18515625 0.209375 0.1796875
4 0.41875 0.40078125 0.503125 0.278125
4 0.21328125 0.16796875 0.425 0.2
4 0.27734375 0.80390625 0.553125 0.3109375
3 0.78046875 0.35234375 0.2296875 0.15625
5 0.6953125 0.375 0.103125 0.103125
3 0.7625 0.5203125 0.128125 0.15
1 0.76015625 0.528125 0.0921875 0.140625
3 0.75078125 0.82734375 0.1109375 0.08125
3 0.72265625 0.921875 0.3546875 0.15625
4 0.46328125 0.5546875 0.4296875 0.10625
4 0.30859375 0.9109375 0.5296875 0.178125