3 0.24140625 0.30859375 0.225 0.196875
3 0.4046875 0.81484375 0.209375 0.1796875
4 0.58125 0.59921875 0.503125 0.278125
4 0.78671875 0.83203125 0.425 0.2015625
4 0.72265625 0.19609375 0.553125 0.3109375
3 0.21953125 0.64765625 0.2296875 0.15625
5 0.3046875 0.625 0.103125 0.103125
3 0.2375 0.4796875 0.128125 0.15
1 0.23984375 0.471875 0.0921875 0.140625
3 0.24921875 0.17265625 0.1109375 0.08125
3 0.27734375 0.078125 0.3546875 0.15625
4 0.53671875 0.4453125 0.4296875 0.10625
4 0.69140625 0.0890625 0.5296875 0.178125