3 0.69140625 0.24140625 0.19765625 0.22421875
3 0.18515625 0.4046875 0.1796875 0.21015625
4 0.40078125 0.58125 0.27734375 0.503125
4 0.16796875 0.78671875 0.20078125 0.42578125
4 0.80390625 0.72265625 0.3109375 0.55390625
3 0.35234375 0.21953125 0.15625 0.2296875
5 0.375 0.3046875 0.10234375 0.103125
3 0.5203125 0.2375 0.15078125 0.128125
1 0.528125 0.23984375 0.13984375 0.0921875
3 0.82734375 0.24921875 0.08125 0.1109375
3 0.921875 0.27734375 0.15625 0.3546875
4 0.5546875 0.53671875 0.10546875 0.4296875
4 0.9109375 0.69140625 0.178125 0.5296875