3 0.54921875 0.63046875 0.08125 0.065625
3 0.734375 0.26875 0.1125 0.1125
4 0.45390625 0.24921875 0.3734375 0.15
3 0.7203125 0.7828125 0.0984375 0.090625
4 0.41640625 0.6375 0.20625 0.10625
3 0.5828125 0.48984375 0.078125 0.0546875
5 0.5484375 0.73203125 0.034375 0.05625
3 0.58515625 0.72265625 0.090625 0.075
3 0.57578125 0.35078125 0.0875 0.071875
4 0.52578125 0.83671875 0.31875 0.1375
4 0.41015625 0.74765625 0.2921875 0.0796875
4 0.44921875 0.47109375 0.19375 0.1171875
4 0.32109375 0.33671875 0.1828125 0.071875
5 0.68125 0.778125 0.046875 0.05