1 0.7078125 0.4328125 0.05390625 0.034375
3 0.70859375 0.42109375 0.053125 0.05625
3 0.303125 0.41796875 0.0546875 0.05703125
4 0.46484375 0.60078125 0.1109375 0.23046875
4 0.30859375 0.59140625 0.13984375 0.23046875
3 0.459375 0.42890625 0.05625 0.05625
4 0.70234375 0.5828125 0.10546875 0.2265625
4 0.62109375 0.625 0.09609375 0.21484375
1 0.5921875 0.49375 0.04296875 0.01875
3 0.59140625 0.4953125 0.03203125 0.0453125
4 0.6046875 0.61171875 0.1140625 0.18984375
4 0.23046875 0.63359375 0.09140625 0.20703125
4 0.3640625 0.63828125 0.06796875 0.18125
4 0.534375 0.64921875 0.0453125 0.14375