1 0.4328125 0.2921875 0.034375 0.053125
3 0.42109375 0.29140625 0.05625 0.053125
3 0.41796875 0.696875 0.05625 0.0546875
4 0.60078125 0.53515625 0.23125 0.1109375
4 0.59140625 0.69140625 0.23125 0.140625
3 0.42890625 0.540625 0.05625 0.05625
4 0.5828125 0.29765625 0.2265625 0.10625
4 0.625 0.37890625 0.215625 0.096875
1 0.49375 0.4078125 0.01875 0.04375
3 0.4953125 0.40859375 0.0453125 0.03125
4 0.61171875 0.3953125 0.190625 0.1140625
4 0.63359375 0.76953125 0.20625 0.090625
4 0.63828125 0.6359375 0.18125 0.06875
4 0.64921875 0.465625 0.14375 0.0453125