3 0.36953125 0.45078125 0.06640625 0.08046875
3 0.73125 0.265625 0.11171875 0.11171875
4 0.75078125 0.54609375 0.15078125 0.3734375
3 0.2171875 0.2796875 0.08984375 0.0984375
4 0.3625 0.58359375 0.10703125 0.20703125
3 0.51015625 0.4171875 0.0546875 0.07734375
5 0.26796875 0.4515625 0.05703125 0.034375
3 0.27734375 0.41484375 0.07421875 0.09140625
3 0.64921875 0.42421875 0.071875 0.0875
4 0.16328125 0.47421875 0.13671875 0.31953125
4 0.25234375 0.58984375 0.0796875 0.2921875
4 0.52890625 0.55078125 0.1171875 0.19296875
4 0.66328125 0.67890625 0.07109375 0.1828125
5 0.221875 0.31875 0.04921875 0.04609375