3 0.759375 0.4515625 0.08046875 0.08671875
3 0.21875 0.19453125 0.1296875 0.14453125
3 0.46484375 0.26796875 0.13828125 0.15078125
4 0.74140625 0.6328125 0.10625 0.24765625
0 0.765625 0.9765625 0.103125 0.046875
4 0.80546875 0.66015625 0.0421875 0.1328125
3 0.81171875 0.5625 0.04453125 0.05390625
4 0.21640625 0.63203125 0.215625 0.528125
1 0.215625 0.38203125 0.12734375 0.11640625
2 0.0875 0.65546875 0.09609375 0.12421875
2 0.75 0.65625 0.05078125 0.07109375
2 0.83984375 0.69296875 0.02421875 0.0578125