3 0.47265625 0.18359375 0.1890625 0.12890625
3 0.15234375 0.18828125 0.26328125 0.14609375
3 0.64296875 0.1765625 0.18046875 0.1609375
3 0.81875 0.1859375 0.225 0.1484375
5 0.175 0.2625 0.1484375 0.0375
5 0.46484375 0.2640625 0.1515625 0.05234375
5 0.64609375 0.24609375 0.15625 0.071875
5 0.79765625 0.26328125 0.13828125 0.06328125
4 0.1796875 0.55078125 0.359375 0.4140625
4 0.49453125 0.5015625 0.29453125 0.37578125
4 0.72265625 0.48984375 0.1859375 0.3875
4 0.8484375 0.59453125 0.303125 0.55703125