3 0.54921875 0.36953125 0.08125 0.065625
3 0.734375 0.73125 0.1125 0.1125
4 0.45390625 0.75078125 0.3734375 0.15
3 0.7203125 0.2171875 0.0984375 0.090625
4 0.41640625 0.3625 0.20625 0.10625
3 0.5828125 0.51015625 0.078125 0.0546875
5 0.5484375 0.26796875 0.034375 0.05625
3 0.58515625 0.27734375 0.090625 0.075
3 0.57578125 0.64921875 0.0875 0.071875
4 0.52578125 0.16328125 0.31875 0.1375
4 0.41015625 0.25234375 0.2921875 0.0796875
4 0.44921875 0.52890625 0.19375 0.1171875
4 0.32109375 0.66328125 0.1828125 0.071875
5 0.68125 0.221875 0.046875 0.05