4 0.74296875 0.46171875 0.24453125 0.3234375
5 0.74375 0.28203125 0.0765625 0.0328125
3 0.51640625 0.22109375 0.10078125 0.0953125
3 0.74140625 0.22265625 0.09453125 0.09609375
4 0.52578125 0.43828125 0.19296875 0.2703125
5 0.51640625 0.26796875 0.0640625 0.03046875
3 0.20546875 0.309375 0.084375 0.090625
4 0.28359375 0.48671875 0.196875 0.2640625
5 0.2140625 0.3515625 0.06953125 0.034375
0 0.1921875 0.8578125 0.22578125 0.1171875
0 0.52421875 0.8953125 0.078125 0.1203125
0 0.71171875 0.7796875 0.21484375 0.2171875