4 0.09140625 0.85078125 0.18203125 0.2984375
4 0.221875 0.76484375 0.184375 0.4703125
4 0.33203125 0.6921875 0.159375 0.5015625
4 0.5375 0.78046875 0.196875 0.4390625
4 0.77421875 0.67890625 0.19765625 0.559375
4 0.90390625 0.7078125 0.1890625 0.584375
3 0.10078125 0.46953125 0.2015625 0.2578125
3 0.24453125 0.29765625 0.14375 0.1828125
3 0.3453125 0.3109375 0.1 0.1203125
3 0.54609375 0.42109375 0.10390625 0.1265625
3 0.77265625 0.290625 0.08125 0.13828125
3 0.8625 0.23984375 0.18046875 0.17109375