3 0.74453125 0.13203125 0.17734375 0.23828125
3 0.52734375 0.2171875 0.13984375 0.203125
3 0.134375 0.30390625 0.12109375 0.2203125
4 0.11171875 0.83984375 0.2015625 0.2125
4 0.528125 0.70078125 0.3046875 0.59296875
4 0.82265625 0.65078125 0.29453125 0.67421875
2 0.64296875 0.76328125 0.1546875 0.17421875
2 0.5296875 0.9015625 0.090625 0.1046875
2 0.0953125 0.84296875 0.0953125 0.1234375
2 0.18046875 0.81796875 0.07109375 0.1265625
2 0.34140625 0.98515625 0.04609375 0.0296875
5 0.528125 0.33515625 0.10234375 0.08046875
5 0.74765625 0.24375 0.1234375 0.1140625
5 0.1296875 0.37578125 0.096875 0.08203125