3 0.25546875 0.13203125 0.178125 0.2375
3 0.47265625 0.2171875 0.140625 0.203125
3 0.865625 0.30390625 0.121875 0.2203125
4 0.88828125 0.83984375 0.2015625 0.2125
4 0.471875 0.70078125 0.3046875 0.59375
4 0.17734375 0.65078125 0.29375 0.675
2 0.35703125 0.76328125 0.1546875 0.175
2 0.4703125 0.9015625 0.090625 0.1046875
2 0.9046875 0.84296875 0.0953125 0.1234375
2 0.81953125 0.81796875 0.071875 0.1265625
2 0.65859375 0.98515625 0.046875 0.0296875
5 0.471875 0.33515625 0.103125 0.08125
5 0.25234375 0.24375 0.1234375 0.1140625
5 0.8703125 0.37578125 0.096875 0.08125