3 0.86796875 0.74453125 0.2375 0.178125
3 0.7828125 0.52734375 0.203125 0.140625
3 0.69609375 0.134375 0.2203125 0.121875
4 0.16015625 0.11171875 0.2125 0.2015625
4 0.29921875 0.528125 0.59375 0.3046875
4 0.34921875 0.82265625 0.675 0.2953125
2 0.23671875 0.64296875 0.175 0.1546875
2 0.0984375 0.5296875 0.1046875 0.090625
2 0.15703125 0.0953125 0.1234375 0.0953125
2 0.18203125 0.18046875 0.1265625 0.071875
2 0.01484375 0.34140625 0.0296875 0.046875
5 0.66484375 0.528125 0.08125 0.103125
5 0.75625 0.74765625 0.1140625 0.1234375
5 0.62421875 0.1296875 0.08125 0.096875