4 0.22265625 0.4484375 0.109375 0.2375
3 0.3796875 0.259375 0.06953125 0.071875
4 0.528125 0.43984375 0.11953125 0.240625
0 0.87734375 0.80625 0.10625 0.12734375
0 0.38125 0.79453125 0.0953125 0.10703125
0 0.53671875 0.7859375 0.10859375 0.140625
4 0.38203125 0.4421875 0.11015625 0.2328125
3 0.6890625 0.24765625 0.0734375 0.08046875
5 0.85703125 0.2890625 0.05 0.028125
3 0.86328125 0.25546875 0.06328125 0.07578125
0 0.6890625 0.80859375 0.1 0.121875
3 0.52421875 0.24453125 0.0671875 0.0640625
4 0.8703125 0.44453125 0.11875 0.2609375
4 0.69921875 0.4296875 0.1296875 0.25
3 0.22890625 0.2609375 0.053125 0.06875
0 0.22421875 0.8046875 0.1140625 0.109375