4 0.4484375 0.22265625 0.2375 0.109375
3 0.259375 0.3796875 0.071875 0.06875
4 0.43984375 0.528125 0.240625 0.11875
0 0.80625 0.87734375 0.128125 0.10625
0 0.79453125 0.38125 0.10625 0.0953125
0 0.7859375 0.53671875 0.140625 0.109375
4 0.4421875 0.38203125 0.2328125 0.109375
3 0.24765625 0.6890625 0.08125 0.0734375
5 0.2890625 0.85703125 0.028125 0.05
3 0.25546875 0.86328125 0.075 0.0625
0 0.80859375 0.6890625 0.121875 0.1
3 0.24453125 0.52421875 0.0640625 0.0671875
4 0.44453125 0.8703125 0.2609375 0.11875
4 0.4296875 0.69921875 0.25 0.1296875
3 0.2609375 0.22890625 0.06875 0.053125
0 0.8046875 0.22421875 0.109375 0.1140625