4 0.77734375 0.5515625 0.109375 0.2375
3 0.6203125 0.740625 0.06875 0.071875
4 0.471875 0.56015625 0.11875 0.240625
0 0.12265625 0.19375 0.10625 0.128125
0 0.61875 0.20546875 0.0953125 0.10625
0 0.46328125 0.2140625 0.109375 0.140625
4 0.61796875 0.5578125 0.109375 0.2328125
3 0.3109375 0.75234375 0.0734375 0.08125
5 0.14296875 0.7109375 0.05 0.028125
3 0.13671875 0.74453125 0.0625 0.075
0 0.3109375 0.19140625 0.1 0.121875
3 0.47578125 0.75546875 0.0671875 0.0640625
4 0.1296875 0.55546875 0.11875 0.2609375
4 0.30078125 0.5703125 0.1296875 0.25
3 0.77109375 0.7390625 0.053125 0.06875
0 0.77578125 0.1953125 0.1140625 0.109375