4 0.1859375 0.31171875 0.153125 0.278125
5 0.20625 0.14921875 0.059375 0.0328125
3 0.40078125 0.1703125 0.078125 0.08125
4 0.38828125 0.3734375 0.1421875 0.3
5 0.40703125 0.20078125 0.0765625 0.0359375
4 0.565625 0.34375 0.128125 0.240625
5 0.56328125 0.17734375 0.078125 0.04375
3 0.76484375 0.1453125 0.08125 0.0875
4 0.7734375 0.3578125 0.1515625 0.253125
5 0.765625 0.1859375 0.065625 0.0375
3 0.2015625 0.109375 0.08125 0.08125
3 0.56328125 0.1359375 0.0875 0.084375
2 0.228125 0.240625 0.0484375 0.053125
2 0.2578125 0.2296875 0.028125 0.05
2 0.34140625 0.23125 0.059375 0.096875
2 0.425 0.47265625 0.040625 0.084375
2 0.4828125 0.3390625 0.0390625 0.071875
2 0.665625 0.2890625 0.06875 0.096875
2 0.91171875 0.22265625 0.075 0.121875
0 0.16484375 0.8078125 0.14375 0.140625
0 0.3671875 0.80703125 0.178125 0.125
0 0.55234375 0.7640625 0.184375 0.159375
0 0.76484375 0.78359375 0.175 0.2203125