4 0.1859375 0.31171875 0.15390625 0.27890625
5 0.20625 0.14921875 0.06015625 0.0328125
3 0.40078125 0.1703125 0.07734375 0.08046875
4 0.38828125 0.3734375 0.1421875 0.30078125
5 0.40703125 0.20078125 0.0765625 0.0359375
4 0.565625 0.34375 0.128125 0.24140625
5 0.56328125 0.17734375 0.07890625 0.04453125
3 0.76484375 0.1453125 0.08203125 0.08671875
4 0.7734375 0.3578125 0.1515625 0.25390625
5 0.765625 0.1859375 0.065625 0.0375
3 0.2015625 0.109375 0.08125 0.08203125
3 0.56328125 0.1359375 0.08828125 0.08359375
2 0.228125 0.240625 0.0484375 0.05390625
2 0.2578125 0.2296875 0.02890625 0.05078125
2 0.34140625 0.23125 0.06015625 0.09765625
2 0.425 0.47265625 0.04140625 0.08359375
2 0.4828125 0.3390625 0.0390625 0.07109375
2 0.665625 0.2890625 0.06953125 0.09765625
2 0.91171875 0.22265625 0.07421875 0.12265625
0 0.16484375 0.8078125 0.14453125 0.140625
0 0.3671875 0.80703125 0.17734375 0.12421875
0 0.55234375 0.7640625 0.18515625 0.159375
0 0.76484375 0.78359375 0.17578125 0.2203125