4 0.68828125 0.8140625 0.278125 0.153125
5 0.85078125 0.79375 0.0328125 0.0609375
3 0.8296875 0.59921875 0.08125 0.078125
4 0.6265625 0.61171875 0.3 0.1421875
5 0.79921875 0.59296875 0.0359375 0.0765625
4 0.65625 0.434375 0.240625 0.128125
5 0.82265625 0.43671875 0.04375 0.078125
3 0.8546875 0.23515625 0.0875 0.08125
4 0.6421875 0.2265625 0.253125 0.1515625
5 0.8140625 0.234375 0.0375 0.065625
3 0.890625 0.7984375 0.08125 0.08125
3 0.8640625 0.43671875 0.084375 0.0875
2 0.759375 0.771875 0.053125 0.0484375
2 0.7703125 0.7421875 0.05 0.028125
2 0.76875 0.65859375 0.096875 0.059375
2 0.52734375 0.575 0.084375 0.040625
2 0.6609375 0.5171875 0.071875 0.0390625
2 0.7109375 0.334375 0.096875 0.06875
2 0.77734375 0.08828125 0.121875 0.075
0 0.1921875 0.83515625 0.140625 0.1453125
0 0.19296875 0.6328125 0.125 0.178125
0 0.2359375 0.44765625 0.159375 0.184375
0 0.21640625 0.23515625 0.2203125 0.175