4 0.50703125 0.56328125 0.27421875 0.41328125
3 0.71328125 0.0828125 0.15625 0.1640625
4 0.75546875 0.55390625 0.20234375 0.5734375
3 0.278125 0.09453125 0.16015625 0.18515625
3 0.51953125 0.1140625 0.15625 0.2265625
5 0.51953125 0.24921875 0.13046875 0.11015625
4 0.24921875 0.5578125 0.23125 0.5078125
1 0.73984375 0.31640625 0.12890625 0.15625
4 0.48125 0.96484375 0.2875 0.06953125
2 0.82734375 0.91953125 0.13984375 0.1609375
5 0.271875 0.2125 0.11484375 0.08984375
1 0.4640625 0.3921875 0.0671875 0.1265625
1 0.53046875 0.390625 0.0671875 0.1171875
2 0.21328125 0.70234375 0.103125 0.14453125
2 0.2984375 0.66875 0.06484375 0.09765625
2 0.3171875 0.84609375 0.0890625 0.159375
2 0.63828125 0.85546875 0.0765625 0.14453125
2 0.6921875 0.67734375 0.09765625 0.15