4 0.49296875 0.43671875 0.275 0.4125
3 0.28671875 0.9171875 0.15625 0.1640625
4 0.24453125 0.44609375 0.203125 0.5734375
3 0.721875 0.90546875 0.159375 0.184375
3 0.48046875 0.8859375 0.15625 0.2265625
5 0.48046875 0.75078125 0.13125 0.109375
4 0.75078125 0.4421875 0.23125 0.5078125
1 0.26015625 0.68359375 0.128125 0.15625
4 0.51875 0.03515625 0.2875 0.06875
2 0.17265625 0.08046875 0.140625 0.1609375
5 0.728125 0.7875 0.115625 0.090625
1 0.5359375 0.6078125 0.0671875 0.1265625
1 0.46953125 0.609375 0.0671875 0.1171875
2 0.78671875 0.29765625 0.103125 0.14375
2 0.7015625 0.33125 0.065625 0.096875
2 0.6828125 0.15390625 0.0890625 0.159375
2 0.36171875 0.14453125 0.0765625 0.14375
2 0.3078125 0.32265625 0.096875 0.15