4 0.56328125 0.49296875 0.4125 0.275
3 0.0828125 0.28671875 0.1640625 0.15625
4 0.55390625 0.24453125 0.5734375 0.203125
3 0.09453125 0.721875 0.184375 0.1609375
3 0.1140625 0.48046875 0.2265625 0.15625
5 0.24921875 0.48046875 0.109375 0.13125
4 0.5578125 0.75078125 0.5078125 0.23125
1 0.31640625 0.26015625 0.15625 0.128125
4 0.96484375 0.51875 0.06875 0.2875
2 0.91953125 0.17265625 0.1609375 0.140625
5 0.2125 0.728125 0.090625 0.115625
1 0.3921875 0.5359375 0.1265625 0.0671875
1 0.390625 0.46953125 0.1171875 0.0671875
2 0.70234375 0.78671875 0.14375 0.103125
2 0.66875 0.7015625 0.096875 0.065625
2 0.84609375 0.6828125 0.159375 0.0890625
2 0.85546875 0.36171875 0.14375 0.0765625
2 0.67734375 0.3078125 0.15 0.096875