3 0.66875 0.81328125 0.121875 0.1265625
3 0.66953125 0.21484375 0.096875 0.08125
3 0.62890625 0.534375 0.10625 0.1078125
4 0.36640625 0.35625 0.33125 0.1828125
3 0.6484375 0.63203125 0.103125 0.09375
3 0.62890625 0.10859375 0.109375 0.11875
3 0.6328125 0.36171875 0.090625 0.0875
3 0.5984375 0.73359375 0.096875 0.0875
4 0.36015625 0.51875 0.3296875 0.121875
3 0.70703125 0.28359375 0.06875 0.0546875
4 0.36484375 0.64609375 0.359375 0.1390625
4 0.33125 0.75078125 0.3875 0.1
4 0.33046875 0.8453125 0.409375 0.1390625