3 0.81328125 0.33125 0.12578125 0.121875
3 0.21484375 0.33046875 0.08203125 0.09765625
3 0.534375 0.37109375 0.1078125 0.10703125
4 0.35625 0.63359375 0.1828125 0.33125
3 0.63203125 0.3515625 0.09453125 0.10390625
3 0.10859375 0.37109375 0.11953125 0.109375
3 0.36171875 0.3671875 0.08828125 0.08984375
3 0.73359375 0.4015625 0.0875 0.096875
4 0.51875 0.63984375 0.12109375 0.3296875
3 0.28359375 0.29296875 0.0546875 0.06875
4 0.64609375 0.63515625 0.1390625 0.36015625
4 0.75078125 0.66875 0.10078125 0.38671875
4 0.8453125 0.66953125 0.1390625 0.40859375