3 0.33125 0.18671875 0.121875 0.125
3 0.33046875 0.78515625 0.096875 0.0828125
3 0.37109375 0.465625 0.10625 0.1078125
4 0.63359375 0.64375 0.33125 0.1828125
3 0.3515625 0.36796875 0.103125 0.09375
3 0.37109375 0.89140625 0.109375 0.11875
3 0.3671875 0.63828125 0.090625 0.0875
3 0.4015625 0.26640625 0.096875 0.0875
4 0.63984375 0.48125 0.3296875 0.121875
3 0.29296875 0.71640625 0.06875 0.0546875
4 0.63515625 0.35390625 0.359375 0.1390625
4 0.66875 0.24921875 0.3875 0.1
4 0.66953125 0.1546875 0.409375 0.1390625